0 048 71
D38999/26WJ43PB
D38999/26WJ43PC
D38999/26WJ43PD
D38999/26WJ43PE
D38999/26WJ43PN
D38999/26WJ43SA
D38999/26WJ43SB
D38999/26WJ43SC
D38999/26WJ43SD
D38999/26WJ43SE
D38999/26WJ43SN
D38999/26WJ4PA
D38999/26WJ4PB
D38999/26WJ4PC
D38999/26WJ4PD
D38999/26WJ4PE
D38999/26WJ4PN
D38999/26WJ4SA
D38999/26WJ4SB
D38999/26WJ4SC
D38999/26WJ4SD
D38999/26WJ4SE
D38999/26WJ4SN
D38999/26WJ61PA
D38999/26WJ61PB
D38999/26WJ61PC
D38999/26WJ61PD
D38999/26WJ61PE
D38999/26WJ61PN
D38999/26WJ61SA
D38999/26WJ61SB
D38999/26WJ61SC
D38999/26WJ61SD
D38999/26WJ61SE
D38999/26WJ61SN
D38999/26ZA35PA
D38999/26ZA35PB
D38999/26ZA35PC
D38999/26ZA35PD
D38999/26ZA35PE
D38999/26ZA35PN
D38999/26ZA35SA
D38999/26ZA35SB
D38999/26ZA35SC
D38999/26ZA35SD
D38999/26ZA35SE
D38999/26ZA35SN
D38999/26ZA98PA
D38999/26ZA98PB
D38999/26ZA98PC
D38999/26ZA98PD
D38999/26ZA98PE
D38999/26ZA98PN
D38999/26ZA98SA
D38999/26ZA98SB
D38999/26ZA98SC
D38999/26ZA98SD
D38999/26ZA98SE
D38999/26ZA98SN
D38999/26ZB2PA
D38999/26ZB2PB
D38999/26ZB2PC
D38999/26ZB2PD
D38999/26ZB2PE
D38999/26ZB2PN
D38999/26ZB2SA
D38999/26ZB2SB
D38999/26ZB2SC
D38999/26ZB2SD
D38999/26ZB2SE
D38999/26ZB2SN
D38999/26ZB35PA
D38999/26ZB35PB
D38999/26ZB35PC
D38999/26ZB35PD
D38999/26ZB35PE
D38999/26ZB35PN
D38999/26ZB35SA
D38999/26ZB35SB
D38999/26ZB35SC
D38999/26ZB35SD
D38999/26ZB35SE
D38999/26ZB35SN
D38999/26ZB5PA
D38999/26ZB5PB
D38999/26ZB5PC
D38999/26ZB5PD
D38999/26ZB5PE
D38999/26ZB5PN
D38999/26ZB5SA
D38999/26ZB5SB
D38999/26ZB5SC
D38999/26ZB5SD
D38999/26ZB5SE
D38999/26ZB5SN
D38999/26ZB98PA
D38999/26ZB98PB
D38999/26ZB98PC
D38999/26ZB98PD
D38999/26ZB98PE
D38999/26ZB98PN
D38999/26ZB98SA
D38999/26ZB98SB
D38999/26ZB98SC
D38999/26ZB98SD
D38999/26ZB98SE
D38999/26ZB98SN
D38999/26ZB99PA
D38999/26ZB99PB
D38999/26ZB99PC
D38999/26ZB99PD
D38999/26ZB99PE
D38999/26ZB99PN
D38999/26ZB99SA
D38999/26ZB99SB
D38999/26ZB99SC
D38999/26ZB99SD
D38999/26ZB99SE
D38999/26ZB99SN
D38999/26ZC35PA
D38999/26ZC35PB
D38999/26ZC35PC
D38999/26ZC35PD
D38999/26ZC35PE
D38999/26ZC35PN
D38999/26ZC35SA
D38999/26ZC35SB
D38999/26ZC35SC
D38999/26ZC35SD
D38999/26ZC35SE
D38999/26ZC35SN
D38999/26ZC4PA
D38999/26ZC4PB
D38999/26ZC4PC
D38999/26ZC4PD
D38999/26ZC4PE
D38999/26ZC4PN
D38999/26ZC4SA
D38999/26ZC4SB
D38999/26ZC4SC
D38999/26ZC4SD
D38999/26ZC4SE
D38999/26ZC4SN
D38999/26ZC8PA
D38999/26ZC8PB
D38999/26ZC8PC
D38999/26ZC8PD
D38999/26ZC8PE
D38999/26ZC8PN
D38999/26ZC8SA
D38999/26ZC8SB
D38999/26ZC8SC
D38999/26ZC8SD
D38999/26ZC8SE
D38999/26ZC8SN
D38999/26ZC98PA
D38999/26ZC98PB
D38999/26ZC98PC
D38999/26ZC98PD
D38999/26ZC98PE
D38999/26ZC98PN
D38999/26ZC98SA
D38999/26ZC98SB
D38999/26ZC98SC
D38999/26ZC98SD
D38999/26ZC98SE
D38999/26ZC98SN
D38999/26ZD15PA
D38999/26ZD15PB
D38999/26ZD15PC
D38999/26ZD15PD
D38999/26ZD15PE
D38999/26ZD15PN
D38999/26ZD15SA
D38999/26ZD15SB
D38999/26ZD15SC
D38999/26ZD15SD
D38999/26ZD15SE
D38999/26ZD15SN
D38999/26ZD18PA
D38999/26ZD18PB
D38999/26ZD18PC
D38999/26ZD18PD
D38999/26ZD18PE
D38999/26ZD18PN
D38999/26ZD18SA
D38999/26ZD18SB
D38999/26ZD18SC
D38999/26ZD18SD
D38999/26ZD18SE
D38999/26ZD18SN
D38999/26ZD19PA
D38999/26ZD19PB
D38999/26ZD19PC
D38999/26ZD19PD
D38999/26ZD19PE
D38999/26ZD19PN
D38999/26ZD19SA
D38999/26ZD19SB
D38999/26ZD19SC
D38999/26ZD19SD
D38999/26ZD19SE
D38999/26ZD19SN
D38999/26ZD35PA
D38999/26ZD35PB
D38999/26ZD35PC
D38999/26ZD35PD
D38999/26ZD35PE
D38999/26ZD35PN
D38999/26ZD35SA
D38999/26ZD35SB
D38999/26ZD35SC
D38999/26ZD35SD
D38999/26ZD35SE
D38999/26ZD35SN
D38999/26ZD5PA
D38999/26ZD5PB
D38999/26ZD5PC
D38999/26ZD5PD
D38999/26ZD5PE
D38999/26ZD5PN
D38999/26ZD5SA
D38999/26ZD5SB
D38999/26ZD5SC
D38999/26ZD5SD
D38999/26ZD5SE
D38999/26ZD5SN
D38999/26ZD97PA
D38999/26ZD97PB
D38999/26ZD97PC
D38999/26ZD97PD
D38999/26ZD97PE
D38999/26ZD97PN
D38999/26ZD97SA
D38999/26ZD97SB
D38999/26ZD97SC
D38999/26ZD97SD
D38999/26ZD97SE
D38999/26ZD97SN
D38999/26ZE26PA
D38999/26ZE26PB
D38999/26ZE26PC
D38999/26ZE26PD
D38999/26ZE26PE
D38999/26ZE26PN
D38999/26ZE26SA
D38999/26ZE26SB
D38999/26ZE26SC
D38999/26ZE26SD
D38999/26ZE26SE
D38999/26ZE26SN
D38999/26ZE35PA
D38999/26ZE35PB
D38999/26ZE35PC
D38999/26ZE35PD
D38999/26ZE35PE
D38999/26ZE35PN
D38999/26ZE35SA
D38999/26ZE35SB
D38999/26ZE35SC
D38999/26ZE35SD
D38999/26ZE35SE
D38999/26ZE35SN
D38999/26ZE6PA
D38999/26ZE6PB
D38999/26ZE6PC
D38999/26ZE6PD
D38999/26ZE6PE
D38999/26ZE6PN
D38999/26ZE6SA
D38999/26ZE6SB
D38999/26ZE6SC
D38999/26ZE6SD
D38999/26ZE6SE
D38999/26ZE6SN
D38999/26ZE8PA
D38999/26ZE8PB
D38999/26ZE8PC
D38999/26ZE8PD
D38999/26ZE8PE
D38999/26ZE8PN
D38999/26ZE8SA
D38999/26ZE8SB
D38999/26ZE8SC
D38999/26ZE8SD
D38999/26ZE8SE
D38999/26ZE8SN
D38999/26ZE99PA
D38999/26ZE99PB
D38999/26ZE99PC
D38999/26ZE99PD
D38999/26ZE99PE
D38999/26ZE99PN
D38999/26ZE99SA
D38999/26ZE99SB
D38999/26ZE99SC
D38999/26ZE99SD
D38999/26ZE99SE
D38999/26ZE99SN
D38999/26ZF11PA
D38999/26ZF11PB
D38999/26ZF11PC
D38999/26ZF11PD
D38999/26ZF11PE
D38999/26ZF11PN
D38999/26ZF11SA
D38999/26ZF11SB
D38999/26ZF11SC
D38999/26ZF11SD
D38999/26ZF11SE
D38999/26ZF11SN
D38999/26ZF32PA
D38999/26ZF32PB
D38999/26ZF32PC
D38999/26ZF32PD
D38999/26ZF32PE
D38999/26ZF32PN
D38999/26ZF32SA
D38999/26ZF32SB
D38999/26ZF32SC
D38999/26ZF32SD
D38999/26ZF32SE
D38999/26ZF32SN
D38999/26ZF35PA
D38999/26ZF35PB
D38999/26ZF35PC
D38999/26ZF35PD
D38999/26ZF35PE
D38999/26ZF35PN
D38999/26ZF35SA
D38999/26ZF35SB
D38999/26ZF35SC
D38999/26ZF35SD
D38999/26ZF35SE
D38999/26ZF35SN
D38999/26ZG11PA
D38999/26ZG11PB
D38999/26ZG11PC
D38999/26ZG11PD
D38999/26ZG11PE
D38999/26ZG11PN
D38999/26ZG11SA
D38999/26ZG11SB
D38999/26ZG11SC
D38999/26ZG11SD
D38999/26ZG11SE
D38999/26ZG11SN
D38999/26ZG16PA
D38999/26ZG16PB
D38999/26ZG16PC
D38999/26ZG16PD
D38999/26ZG16PE
D38999/26ZG16PN
D38999/26ZG16SA
D38999/26ZG16SB
D38999/26ZG16SC
D38999/26ZG16SD
D38999/26ZG16SE
D38999/26ZG16SN
D38999/26ZG35PA
D38999/26ZG35PB
D38999/26ZG35PC
D38999/26ZG35PD
D38999/26ZG35PE
D38999/26ZG35PN
D38999/26ZG35SA
D38999/26ZG35SB
D38999/26ZG35SC
D38999/26ZG35SD
D38999/26ZG35SE
D38999/26ZG35SN
D38999/26ZG39PA
D38999/26ZG39PB
D38999/26ZG39PC
D38999/26ZG39PD
D38999/26ZG39PE
D38999/26ZG39PN
D38999/26ZG39SA
D38999/26ZG39SB
D38999/26ZG39SC
D38999/26ZG39SD
D38999/26ZG39SE
D38999/26ZG39SN
D38999/26ZG41PA
D38999/26ZG41PB
D38999/26ZG41PC
D38999/26ZG41PD
D38999/26ZG41PE
D38999/26ZG41PN
D38999/26ZG41SA
D38999/26ZG41SB
D38999/26ZG41SC
D38999/26ZG41SD
D38999/26ZG41SE
D38999/26ZG41SN
D38999/26ZH21PA
D38999/26ZH21PB
D38999/26ZH21PC
D38999/26ZH21PD
D38999/26ZH21PE
D38999/26ZH21PN
D38999/26ZH21SA
D38999/26ZH21SB
D38999/26ZH21SC
D38999/26ZH21SD
D38999/26ZH21SE
D38999/26ZH21SN
D38999/26ZH35PA
D38999/26ZH35PB
D38999/26ZH35PC
D38999/26ZH35PD
D38999/26ZH35PE
D38999/26ZH35PN
D38999/26ZH35SA
D38999/26ZH35SB
D38999/26ZH35SC
D38999/26ZH35SD
D38999/26ZH35SE
D38999/26ZH35SN
D38999/26ZH53PA
D38999/26ZH53PB
D38999/26ZH53PC
D38999/26ZH53PD
D38999/26ZH53PE
D38999/26ZH53PN
D38999/26ZH53SA
D38999/26ZH53SB
D38999/26ZH53SC
D38999/26ZH53SD
D38999/26ZH53SE
D38999/26ZH53SN
D38999/26ZH55PA
D38999/26ZH55PB
D38999/26ZH55PC
D38999/26ZH55PD
D38999/26ZH55PE
D38999/26ZH55PN
D38999/26ZH55SA
D38999/26ZH55SB
D38999/26ZH55SC
D38999/26ZH55SD
D38999/26ZH55SE
D38999/26ZH55SN
D38999/26ZJ19PA
D38999/26ZJ19PB
D38999/26ZJ19PC
D38999/26ZJ19PD
D38999/26ZJ19PE
D38999/26ZJ19PN
D38999/26ZJ19SA
D38999/26ZJ19SB
D38999/26ZJ19SC
D38999/26ZJ19SD
D38999/26ZJ19SE
D38999/26ZJ19SN
D38999/26ZJ20PA
D38999/26ZJ20PB
D38999/26ZJ20PC
D38999/26ZJ20PD
D38999/26ZJ20PE
D38999/26ZJ20PN
D38999/26ZJ20SA
D38999/26ZJ20SB
D38999/26ZJ20SC
D38999/26ZJ20SD
D38999/26ZJ20SE
D38999/26ZJ20SN
D38999/26ZJ24PA
D38999/26ZJ24PB
D38999/26ZJ24PC
D38999/26ZJ24PD
D38999/26ZJ24PE
D38999/26ZJ24PN
D38999/26ZJ24SA
D38999/26ZJ24SB
D38999/26ZJ24SC
D38999/26ZJ24SD
D38999/26ZJ24SE
D38999/26ZJ24SN
D38999/26ZJ29PA
D38999/26ZJ29PB
D38999/26ZJ29PC
D38999/26ZJ29PD
D38999/26ZJ29PE
D38999/26ZJ29PN
D38999/26ZJ29SA
D38999/26ZJ29SB
D38999/26ZJ29SC
D38999/26ZJ29SD
D38999/26ZJ29SE
D38999/26ZJ29SN
D38999/26ZJ35PA
D38999/26ZJ35PB
D38999/26ZJ35PC
D38999/26ZJ35PD
D38999/26ZJ35PE
D38999/26ZJ35PN
D38999/26ZJ35SA
D38999/26ZJ35SB
D38999/26ZJ35SC
D38999/26ZJ35SD
D38999/26ZJ35SE
D38999/26ZJ35SN
D38999/26ZJ37PA
D38999/26ZJ37PB
D38999/26ZJ37PC
D38999/26ZJ37PD
D38999/26ZJ37PE
D38999/26ZJ37PN
D38999/26ZJ37SA
D38999/26ZJ37SB
D38999/26ZJ37SC
D38999/26ZJ37SD
D38999/26ZJ37SE
D38999/26ZJ37SN
D38999/26ZJ43PA
D38999/26ZJ43PB
D38999/26ZJ43PC
D38999/26ZJ43PD
D38999/26ZJ43PE
D38999/26ZJ43PN
D38999/26ZJ43SA
D38999/26ZJ43SB
D38999/26ZJ43SC
D38999/26ZJ43SD
D38999/26ZJ43SE
D38999/26ZJ43SN
D38999/26ZJ4PA
D38999/26ZJ4PB
D38999/26ZJ4PC
D38999/26ZJ4PD
D38999/26ZJ4PE
D38999/26ZJ4PN
D38999/26ZJ4SA
D38999/26ZJ4SB
D38999/26ZJ4SC
D38999/26ZJ4SD
D38999/26ZJ4SE
D38999/26ZJ4SN
D38999/26ZJ61PA
D38999/26ZJ61PB
D38999/26ZJ61PC
D38999/26ZJ61PD
D38999/26ZJ61PE
D38999/26ZJ61PN
D38999/26ZJ61SA
D38999/26ZJ61SB
D38999/26ZJ61SC
D38999/26ZJ61SD
D38999/26ZJ61SE
D38999/26ZJ61SN
D38999/27NA35CN
D38999/27NA35PN
D38999/27NA35SN
D38999/27NA35XN
D38999/27NA98CN
D38999/27NA98PN
D38999/27NA98SN
D38999/27NA98XN
D38999/27NB35CN
D38999/27NB35PN
D38999/27NB35SN
D38999/27NB35XN
D38999/27NB5CN
D38999/27NB5PN
D38999/27NB5SN
D38999/27NB5XN
D38999/27NB98CN
D38999/27NB98PN
D38999/27NB98SN
D38999/27NB98XN
D38999/27NB99CN
D38999/27NB99PN
D38999/27NB99SN
D38999/27NB99XN
D38999/27NC35CN
D38999/27NC35PN
D38999/27NC35SN
D38999/27NC35XN
D38999/27NC4CN
D38999/27NC4PN
D38999/27NC4SN
D38999/27NC4XN
D38999/27NC8CN
D38999/27NC8PN
D38999/27NC8SN
D38999/27NC8XN
D38999/27NC98CN
D38999/27NC98PN
D38999/27NC98SN
D38999/27NC98XN
D38999/27ND18CN
D38999/27ND18PN
D38999/27ND18SN
D38999/27ND18XN
D38999/27ND19CN
D38999/27ND19PN
D38999/27ND19SN
D38999/27ND19XN
D38999/27ND35CN
D38999/27ND35PN
D38999/27ND35SN
D38999/27ND35XN
D38999/27ND5CN
D38999/27ND5PN
D38999/27ND5SN
D38999/27ND5XN
D38999/27ND97CN
D38999/27ND97PN
D38999/27ND97SN
D38999/27ND97XN
D38999/27NE26CN
D38999/27NE26PN
D38999/27NE26SN
D38999/27NE26XN
D38999/27NE35CN
D38999/27NE35PN
D38999/27NE35SN
D38999/27NE35XN
D38999/27NE6CN
D38999/27NE6PN
D38999/27NE6SN
D38999/27NE6XN
D38999/27NE8CN
D38999/27NE8PN
D38999/27NE8SN
D38999/27NE8XN
D38999/27NF11CN
D38999/27NF11PN
D38999/27NF11SN
D38999/27NF11XN
D38999/27NF32CN
D38999/27NF32PN
D38999/27NF32SN
D38999/27NF32XN
D38999/27NF35CN
D38999/27NF35PN
D38999/27NF35SN
D38999/27NF35XN
D38999/27NG11CN
D38999/27NG11PN
D38999/27NG11SN
D38999/27NG11XN
D38999/27NG16CN
D38999/27NG16PN
D38999/27NG16SN
D38999/27NG16XN
D38999/27NG35CN
D38999/27NG35PN
D38999/27NG35SN
D38999/27NG35XN
D38999/27NG41CN
D38999/27NG41PN
D38999/27NG41SN
D38999/27NG41XN
D38999/27NH21CN
D38999/27NH21PN
D38999/27NH21SN
D38999/27NH21XN
D38999/27NH35CN
D38999/27NH35PN
D38999/27NH35SN
D38999/27NH35XN
D38999/27NJ19CN
D38999/27NJ19PN
D38999/27NJ19SN
D38999/27NJ19XN
D38999/27NJ35CN
D38999/27NJ35PN
D38999/27NJ35SN
D38999/27NJ35XN
D38999/27YA35CN
D38999/27YA35PN
D38999/27YA35SN
D38999/27YA35XN
D38999/27YA98CN
D38999/27YA98PN
D38999/27YA98SN
D38999/27YA98XN
D38999/27YB35CN
D38999/27YB35PN
D38999/27YB35SN
D38999/27YB35XN
D38999/27YB5CN
D38999/27YB5PN
D38999/27YB5SN
D38999/27YB5XN
D38999/27YB98CN
D38999/27YB98PN
D38999/27YB98SN
D38999/27YB98XN
D38999/27YB99CN
D38999/27YB99PN
D38999/27YB99SN
D38999/27YB99XN
D38999/27YC35CN
D38999/27YC35PN
D38999/27YC35SN
D38999/27YC35XN
D38999/27YC4CN
D38999/27YC4PN
D38999/27YC4SN
D38999/27YC4XN
D38999/27YC8CN
D38999/27YC8PN
D38999/27YC8SN
D38999/27YC8XN
D38999/27YC98CN
D38999/27YC98PN
D38999/27YC98SN
D38999/27YC98XN
D38999/27YD18CN
D38999/27YD18PN
D38999/27YD18SN
D38999/27YD18XN
D38999/27YD19CN
D38999/27YD19PN
D38999/27YD19SN
D38999/27YD19XN
D38999/27YD35CN
D38999/27YD35PN
D38999/27YD35SN
D38999/27YD35XN
D38999/27YD5CN
D38999/27YD5PN
D38999/27YD5SN
D38999/27YD5XN
D38999/27YD97CN
D38999/27YD97PN
D38999/27YD97SN
D38999/27YD97XN
D38999/27YE26CN
D38999/27YE26PN
D38999/27YE26SN
D38999/27YE26XN
D38999/27YE35CN
D38999/27YE35PN
D38999/27YE35SN
D38999/27YE35XN
D38999/27YE6CN
D38999/27YE6PN
D38999/27YE6SN
D38999/27YE6XN
D38999/27YE8CN
D38999/27YE8PN
D38999/27YE8SN
D38999/27YE8XN
D38999/27YF11CN
D38999/27YF11PN
D38999/27YF11SN
D38999/27YF11XN
D38999/27YF32CN
D38999/27YF32PN
D38999/27YF32SN
D38999/27YF32XN
D38999/27YF35CN
D38999/27YF35PN
D38999/27YF35SN
D38999/27YF35XN
D38999/27YG11CN
D38999/27YG11PN
D38999/27YG11SN
D38999/27YG11XN
D38999/27YG16CN
D38999/27YG16PN
D38999/27YG16SN
D38999/27YG16XN
D38999/27YG35CN
D38999/27YG35PN
D38999/27YG35SN
D38999/27YG35XN
D38999/27YG41CN
D38999/27YG41PN
D38999/27YG41SN
D38999/27YG41XN
D38999/27YH21CN
D38999/27YH21PN
D38999/27YH21SN
D38999/27YH21XN
D38999/27YH35CN
D38999/27YH35PN
D38999/27YH35SN
D38999/27YH35XN
D38999/27YJ19CN
D38999/27YJ19PN
D38999/27YJ19SN
D38999/27YJ19XN
D38999/27YJ35CN
D38999/27YJ35PN
D38999/27YJ35SN
D38999/27YJ35XN
D38999/43NA35PN
D38999/43NA35SN
D38999/43NA98PN
D38999/43NA98SN
D38999/43NB35PN
D38999/43NB35SN
D38999/43NB5PN
D38999/43NB5SN
D38999/43NB98PN
D38999/43NB98SN
D38999/43NC35PN
D38999/43NC35SN
D38999/43NC5PN
D38999/43NC5SN
D38999/43ND35PN
D38999/43ND35SN
D38999/43NE26PN
D38999/43NE26SN
D38999/43NE35PN
D38999/43NE35SN
D38999/43NE8PN
D38999/43NE8SN
D38999/43NG35PN
D38999/43NG35SN
D38999/43NJ35PN
D38999/43NJ35SN
D38999/43NJ61PN
D38999/43NJ61SN
D38999/43YA35PN
D38999/43YA35SN
D38999/43YA98PN
D38999/43YA98SN
D38999/43YB35PN
D38999/43YB35SN
D38999/43YB5PN
D38999/43YB5SN
D38999/43YB98PN
D38999/43YB98SN
D38999/43YC35PN
D38999/43YC35SN
D38999/43YC5PN
D38999/43YC5SN
D38999/43YD35PN
D38999/43YD35SN
D38999/43YE26PN
D38999/43YE26SN
D38999/43YE35PN
D38999/43YE35SN
D38999/43YE8PN
D38999/43YE8SN
D38999/43YG35PN
D38999/43YG35SN
D38999/43YJ35PN
D38999/43YJ35SN
D38999/43YJ61PN
D38999/43YJ61SN
D38999/44NA35PN
D38999/44NA35SN
D38999/44NA98PN
D38999/44NA98SN
D38999/44NB35PN
D38999/44NB35SN
D38999/44NB5PN
D38999/44NB5SN
D38999/44NB98PN
D38999/44NB98SN
D38999/44NC35PN
D38999/44NC35SN
D38999/44NC5PN
D38999/44NC5SN
D38999/44ND35PN
D38999/44ND35SN
D38999/44NE26PN
D38999/44NE26SN
D38999/44NE35PN
D38999/44NE35SN
D38999/44NE8PN
D38999/44NE8SN
D38999/44NG35PN
D38999/44NG35SN
D38999/44NJ35PN
D38999/44NJ35SN
D38999/44NJ61PN
D38999/44NJ61SN
D38999/44YA35PN
D38999/44YA35SN
D38999/44YA98PN
D38999/44YA98SN
D38999/44YB35PN
D38999/44YB35SN
D38999/44YB5PN
D38999/44YB5SN
D38999/44YB98PN
D38999/44YB98SN
D38999/44YC35PN
D38999/44YC35SN
D38999/44YC5PN
D38999/44YC5SN
D38999/44YD35PN
D38999/44YD35SN
D38999/44YE26PN
D38999/44YE26SN
D38999/44YE35PN
D38999/44YE35SN
D38999/44YE8PN
D38999/44YE8SN
D38999/44YG35PN
D38999/44YG35SN
D38999/44YJ35PN
D38999/44YJ35SN
D38999/44YJ61PN
D38999/44YJ61SN
D3899920TA35PD
D3899920TA35PE
D3899920TA35SD
D3899920TA35SE
D3899920TA98PC
D3899920TA98PD
D3899920TA98PE
D3899920TA98SD
D3899920TA98SE
D3899920TB2PB
D3899920TB2PC
D3899920TB2PD
D3899920TB2PE
D3899920TB2SB
D3899920TB2SC
D3899920TB2SD
D3899920TB2SE
D3899920TB35PB
D3899920TB35PC
D3899920TB35PD
D3899920TB35PE
D3899920TB35SC
D3899920TB35SD
D3899920TB35SE
D3899920TB5PC
D3899920TB5PD
D3899920TB5PE
D3899920TB5SC
D3899920TB5SD
D3899920TB5SE
D3899920TB98PB
D3899920TB98PC
D3899920TB98PD
D3899920TB98PE
D3899920TB98SB
D3899920TB98SC
D3899920TB98SD
D3899920TB98SE
D3899920TB99PB
D3899920TB99PC
D3899920TB99PD
D3899920TB99PE
D3899920TB99SB
D3899920TB99SC
D3899920TB99SD
D3899920TB99SE
D3899920TC35PD
D3899920TC35PE
D3899920TC35SD
D3899920TC35SE
D3899920TC4PD
D3899920TC4SD
D3899920TC4SE
D3899920TC8PD
D3899920TC8PE
D3899920TC8SD
D3899920TC98PD
D3899920TC98PE
D3899920TC98SD
D3899920TD15PC
D3899920TD15PD
D3899920TD15PE
D3899920TD15SD
D3899920TD15SE
D3899920TD18PD
D3899920TD18PE
D3899920TD18SD
D3899920TD18SE
D3899920TD19PC
D3899920TD19PD
D3899920TD19PE
D3899920TD19SB
D3899920TD19SD
D3899920TD19SE
D3899920TD35PD
D3899920TD35PE
D3899920TD35SC
D3899920TD35SD
D3899920TD35SE
D3899920TD5PD
D3899920TD5PE
D3899920TD5SD
D3899920TD5SE
D3899920TD97PD
D3899920TD97PE
D3899920TD97SC
D3899920TD97SD
D3899920TD97SE
D3899920TE26PC
D3899920TE26PD
D3899920TE26PE
D3899920TE26SC
D3899920TE26SD
D3899920TE26SE
D3899920TE35PC
D3899920TE35PD
D3899920TE35PE
